13
20
21
27
33
36
39
44
46
49
53
59
66
72
73
75
79
85
89
91
93
99
105
108
111
112
113
119
124
130
137
139
144
146
150
151
156
157
164
170
173
179
181
186
188
193
199
204
208
215
218
224
229
234
237
241
245
247
253
260
267
274
281
284
289
290
294
301
307
314
316
321
327
334
336
340
341
345
352
354
360
364
366
372
377
379
381
382
389
396
397
400
404
406
408
415
422
424
428
433
434
437
441
443
450
452
458
460
467
473
480
481
487
488
489
490
495
499
504
509
513
515
516
523
525
526
530
536
538
543
546
552
555
556
558
561
568
572
577
582
584
585
588
594
598
601
607
609
616
618
624
631
638
639
644
650
652
659
660
663
664
671
678
682
687
691
693
700
703
706
707
712
715
718
720
724
726
731
734
736
739
742
748
754
756
758
760
767
774
781
786
788
790
797
804
810
817
820
826
828
835
840
843
845
846
852
856
862
868
872
874
875
876
880
886
891
898
901
906
909
911
913
917
924
925
932
933
934
936
937
941
944
945
952
953
956
962
964
967
973
978
984
987
994
996
1001
1008
1014
1021
1023
1029
1033
1034
1038
1045
1051
1052
1056
1057
1063
1068
1069
1073
1075
1080
1087
1093
1099
1102
1105
1108
1115
1120
1124
1129
1132
1139
1144
1150
1154
1156
1163
1164
1171
1175
1177
1184
1188
1195
1196
1203
1209
1214
1221
1222
1223
1227
1230
1233
1240
1242
1245
1248
1252
1259
1266
1271
1276
1283
1285
1290
1295
1297
1298
1304
1311
1314
1318
1322
1328
1333
1340
1345
1349
1350
1357
1359
1361
1365
1370
1375
1382
1388
1395
1400
1405
1411
1414
1416
1418
1425
1428
1434
1436
1443
1447
1450
1456
1461
1465
1466
1473
1478
1479
1481
1488
1491
1496
1502
1507
1511
1515
1518
1519
1520
1524
1530
1537
1541
1546
1553
1557
1559
1561
1564
1570
1571
1576
1578
1582
1586
1589
1593
1594
1597
1604
1608
1614
1619
1625
1632
1633
1639
1645
1648
1654
1658
1665
1668
1673
1680
1685
1692
1697
1700
1706
1712
1714
1720
1721
1725
1729
1735
1739
1740
1747
1753
1755
1756
1757
1763
1768
1775
1782
1787
1793
1795
1797
1800
1805
1808
1814
1819
1825
1832
1835
1839
1840
1844
1851
1853
1855
1859
1863
1868
1873
1874
1876
1879
1883
1884
1885
1889
1890
1897
1901
1906
1908
1912
1914
1915
1918
1924
1927
1934
1935
1941
1947
1948
1954
1961
1963
1969
1972
1973
1975
1982
1986
1988
1992
1999
2003
2008
2014
2016
2023
2028
2031
2036
2041
2044
2051
2056
2060
2064
2071
2078
2083
2089
2090
2096
2100
2107
2110
2114
2121
2122
2125
2131
2134
2135
2136
2138
2139
2146
2153
2160
2164
2169
2175
2180
2182
2186
2192
2194
2198
2204
2209
2211
2213
2218
2224
2230
2237
2244
2249
2251
2255
2262
2267
2270
2274
2275
2279
2286
2293
2299
2300
2301
2304
2309
2313
2316
2318
2322
2324
2330
2331
2333
2339
2345
2352
2358
2365
2371
2377
2383
2385
2388
2391
2398
2401
2405
2407
2412
2419
2425
2429
2435
2436
2439
2444
2451
2455
2456
2459
2461
2466
2470
2476
2481
2484
2485
2488
2489
2491
2493
2494
2496
2502
2503
2504
2506
2508
2510
2517
2522
2524
2531
2535
2537
2542
2547
2549
2554
2561
2563
2564
2568
2573
2576
2581
2586
2588
2594
2600
2607
2609
2615
2621
2628
2634
2637
2641
2644
2647
2651
2654
2660
2665
2671
2676
2682
2684
2690
2693
2698
2704
2707
2712
2716
2717
2720
2724
2731
2734
2740
2741
2745
2747
2748
2752
2757
2759
2762
2763
2768
2775
2776
2782
2789
2796
2801
2807
2811
2812
2816
2820
2821
2826
2833
2837
2838
2839
2846
2847
2849
2852
2857
2861
2864
2870
2876
2879
2883
2888
2893
2897
2902
2908
2912
2916
2917
2921
2923
2925
2928
2929
2931
2937
2939
2946
2950
2953
2955
2960
2967
2969
2970
2971
2972
2977
2982
2989
2996
3002
3005
3009
3016
3021
3022
3024
3031
3033
3039
3046
3047
3054
3056
3058
3060
3061
3064
3067
3072
3078
3079
3082
3086
3089
3092
3094
3098
3104
3111
3115
3118
3125
3131
3133
3139
3144
3148
3154
3156
3159
3163
3165
3171
3173
3174
3180
3181
3188
3191
3192
3193
3196
3198
3200
3207
3208
3213
3216
3220
3224
3227
3231
3234
3240
3243
3250
3251
3257
3258
3265
3270
3273
3277
3278
3280
3281
3287
3294
3301
3303
3310
3316
3319
3321
3322
3326
3328
3330
3331
3338
3343
3350
3356
3357
3363
3366
3372
3374
3378
3385
3391
3396
3399
3402
3404
3410
3414
3419
3420
3427
3433
3435
3442
3449
3456
3458
3463
3468
3470
3473
3474
3479
3484
3485
3490
3492
3495
3498
3499
3506
3513
3518
3524
3529
3534
3541
3547
3553
3559
3561
3567
3573
3580
3586
3587
3588
3595
3601
3608
3611
3612
3617
3621
3623
3625
3629
3634
3635
3639
3641
3644
3651
3657
3658
3663
3665
3667
3670
3675
3680
3683
3689
3695
3702
3708
3712
3719
3724
3729
3734
3737
3740
3745
3752
3758
3759
3766
3770
3775
3781
3785
3791
3794
3801
3805
3807
3812
3818
3824
3828
3833
3839
3845
3852
3855
3859
3863
3864
3871
3872
3877
3878
3882
3886
3887
3891
3897
3904
3906
3907
3913
3914
3916
3917
3920
3921
3927
3929
3930
3933
3934
3935
3940
3946
3950
3956
3961
3968
3975
3980
3983
3989
3990
3997
3999
4004
4010
4016
4020
4021
4023
4025
4030
4034
4038
4041
4048
4053
4059
4062
4065
4068
4070
4072
4075
4081
4083
4084
4086
4087
4088
4090
4092
4094
4096
4103
4104
4111
4113
4115
4120
4127
4128
4131
4137
4142
4144
4147
4150
4157
4160
4162
4167
4168
4170
4177
4182
4186
4191
4197
4203
4207
4213
4215
4217
4223
4225
4231
4237
4239
4244
4248
4255
4256
4261
4265
4268
4272
4275
4282
4287
4288
4291
4296
4298
4299
4302
4304
4311
4315
4319
4325
4330
4337
4342
4347
4353
4355
4360
4366
4367
4371
4375
4382
4386
4393
4396
4397
4404
4407
4414
4417
4418
4425
4432
4439
4444
4448
4454
4461
4462
4466
4469
4473
4478
4482
4488
4493
4496
4499
4501
4504
4506
4508
4513
4517
4522
4529
4530
4535
4539
4542
4549
4552
4559
4561
4563
4568
4575
4578
4582
4589
4594
4598
4605
4611
4614
4617
4619
4620
4622
4628
4635
4640
4645
4647
4651
4657
4659
4662
4667
4674
4681
4687
4689
4696
4702
4707
4710
4712
4715
4720
4727
4730
4731
4736
4738
4744
4750
4754
4760
4764
4770
4776
4783
4786
4788
4793
4800
4802
4804
4810
4817
4819
4825
4829
4832
4834
4837
4844
4846
4851
4852
4853
4857
4861
4862
4869
4874
4876
4882
4889
4890
4897
4900
4907
4910
4914
4920
4921
4924
4930
4933
4935
4942
4947
4952
4956
4957
4964
4970
4972
4979
4981
4988
4995
5000
5004
5006
5012
5016
5021
5024
5029
5030
5031
5032
5033
5039
5041
5045
5047
5054
5059
5063
5065
5072
5079
5085
5089
5095
5102
5108
5110
5117
5123
5128
5134
5136
5143
5147
5153
5158
5159
5166
5168
5172
5175
5181
5188
5193
5198
5199
5203
5207
5212
5216
5218
5221
5227
5228
5234
5238
5242
5246
5249
5253
5258
5264
5270
5275
5282
5286
5289
5295
5297
5303
5310
5315
5317
5322
5327
5334
5339
5340
5345
5347
5348
5355
5362
5369
5371
5373
5379
5380
5386
5390
5393
5397
5402
5403
5410
5416
5417
5418
5419
5424
5429
5435
5436
5441
5444
5449
5456
5458
5463
5464
5465
5468
5471
5476
5477
5483
5487
5492
5499
5503
5504
5511
5517
5523
5529
5531
5536
5541
5548
5554
5558
5561
5568
5573
5577
5581
5586
5591
5597
5600
5601
5603
5605
5610
5616
5618
5624
5625
5626
5627
5634
5640
5647
5650
5653
5656
5663
5665
5666
5668
5671
5672
5675
5678
5681
5688
5690
5695
5699
5701
5702
5703
5706
5711
5718
5724
5729
5731
5733
5739
5741
5746
5750
5751
5754
5756
5757
5760
5762
5764
5768
5774
5778
5782
5784
5787
5793
5800
5801
5804
5810
5815
5821
5827
5830
5833
5834
5837
5840
5842
5847
5853
5860
5863
5868
5872
5873
5875
5877
5882
5887
5890
5893
5894
5899
5905
5907
5912
5916
5917
5923
5926
5932
5936
5942
5946
5950
5953
5958
5965
5972
5975
5978
5984
5991
5998
6002
6003
6005
6009
6013
6018
6021
6023
6026
6033
6035
6042
6047
6052
6059
6061
6063
6068
6075
6078
6082
6084
6089
6094
6099
6105
6106
6108
6113
6116
6123
6129
6136
6143
6150
6155
6157
6159
6160
6161
6165
6171
6176
6180
6186
6188
6193
6194
6200
6206
6210
6216
6223
6225
6228
6233
6234
6239
6241
6248
6252
6257
6258
6259
6265
6272
6278
6282
6284
6288
6293
6296
6298
6299
6303
6308
6309
6310
6313
6318
6322
6329
6335
6336
6338
6340
6341
6344
6345
6347
6348
6351
6352
6355
6359
6362
6369
6373
6374
6379
6380
6382
6384
6391
6398
6403
6404
6405
6408
6409
6413
6420
6422
6429
6434
6435
6442
6449
6454
6461
6464
6471
6472
6475
6476
6481
6486
6492
6494
6495
6497
6499
6506
6513
6515
6516
6523
6526
6530
6537
6543
6544
6550
6552
6558
6564
6571
6573
6579
6580
6582
6586
6589
6596
6599
6606
6607
6608
6614
6618
6620
6625
6626
6630
6634
6641
6648
6651
6653
6654
6656
6658
6661
6662
6668
6669
6676
6682
6685
6687
6692
6698
6703
6704
6708
6713
6719
6726
6727
6728
6729
6736
6738
6745
6752
6758
6760
6761
6764
6766
6769
6770
6775
6779
6785
6788
6794
6799
6803
6805
6812
6817
6819
6825
6829
6832
6836
6843
6849
6854
6857
6859
6866
6873
6878
6881
6883
6887
6891
6894
6897
6902
6905
6910
6912
6915
6916
6920
6922
6924
6928
6931
6937
6941
6947
6954
6956
6960
6961
6963
6964
6966
6972
6976
6980
6981
6986
6988
6991
6996
6998
7002
7005
7007
7008
7011
7015
7020
7023
7026
7027
7030
7036
7039
7043
7047
7050
7051
7054
7060
7065
7071
7074
7080
7085
7086
7092
7096
7102
7107
7110
7116
7118
7125
7131
7138
7140
7144
7145
7152
7158
7164
7170
7175
7178
7180
7181
7186
7187
7188
7190
7193
7200
7203
7208
7215
7222
7229
7233
7235
7236
7238
7245
7250
7255
7260
7263
7267
7271
7276
7282
7289
7295
7300
7305
7309
7313
7317
7323
7329
7335
7342
7347
7354
7358
7363
7366
7373
7377
7379
7384
7385
7387
7391
7393
7398
7400
7402
7408
7411
7415
7422
7423
7428
7435
7437
7443
7445
7449
7452
7453
7460
7464
7465
7467
7472
7479
7483
7484
7485
7491
7493
7495
7502
7506
7513
7515
7520
7521
7525
7530
7535
7536
7537
7541
7542
7543
7546
7552
7559
7562
7566
7570
7573
7578
7580
7583
7588
7589
7594
7599
7604
7610
7614
7618
7621
7624
7629
7631
7638
7642
7648
7650
7657
7663
7666
7669
7672
7677
7683
7686
7689
7694
7699
7703
7705
7712
7716
7721
7728
7734
7740
7743
7749
7750
7754
7759
7760
7762
7764
7771
7777
7779
7783
7784
7787
7790
7794
7798
7799
7806
7812
7813
7814
7815
7820
7824
7830
7835
7839
7842
7845
7846
7849
7852
7853
7855
7857
7864
7868
7872
7874
7876
7882
7883
7884
7886
7887
7893
7894
7897
7900
7902
7908
7910
7912
7919
7921
7926
7930
7936
7937
7943
7947
7950
7953
7960
7961
7966
7970
7975
7981
7984
7985
7989
7995
7997
8003
8007
8009
8012
8018
8021
8026
8031
8032
8037
8039
8043
8044
8047
8048
8052
8056
8057
8060
8065
8066
8073
8077
8078
8080
8086
8093
8097
8099
8106
8108
8114
8120
8124
8126
8131
8134
8140
8142
8148
8154
8158
8164
8167
8170
8174
8178
8185
8186
8192
8193
8199
8204
8206
8208
8212
8215
8216
8222
8225
8228
8229
8234
8236
8241
8246
8247
8252
8253
8256
8257
8260
8267
8270
8276
8282
8283
8289
8294
8301
8305
8309
8313
8319
8323
8329
8334
8337
8343
8344
8351
8352
8353
8359
8363
8367
8374
8379
8384
8388
8391
8395
8399
8406
8408
8414
8417
8421
8423
8425
8429
8432
8436
8437
8440
8444
8448
8449
8455
8461
8467
8471
8476
8479
8480
8484
8489
8494
8499
8501
8504
8507
8508
8510
8511
8513
8519
8522
8528
8533
8539
8544
8546
8547
8549
8555
8560
8561
8565
8569
8574
8579
8580
8587
8590
8594
8598
8600
8606
8607
8611
8612
8618
8621
8628
8629
8635
8636
8640
8647
8652
8657
8663
8664
8668
8672
8674
8675
8677
8681
8683
8684
8687
8688
8689
8695
8696
8700
8701
8702
8706
8708
8710
8713
8718
8722
8724
8731
8734
8735
8737
8740
8744
8748
8750
8757
8760
8762
8764
8766
8767
8773
8775
8779
8783
8788
8790
8792
8799
8805
8806
8810
8811
8812
8817
8820
8822
8824
8831
8834
8840
8843
8850
8853
8857
8859
8862
8867
8874
8878
8885
8888
8889
8892
8893
8895
8902
8903
8907
8913
8919
8925
8928
8932
8935
8941
8946
8948
8949
8956
8958
8961
8968
8975
8982
8983
8989
8992
8996
9003
9009
9011
9016
9019
9025
9031
9034
9035
9038
9045
9052
9057
9061
9065
9072
9079
9084
9087
9091
9093
9097
9100
9101
9104
9109
9111
9112
9116
9121
9122
9123
9128
9135
9138
9141
9144
9148
9151
9158
9165
9166
9170
9176
9180
9182
9187
9194
9196
9199
9205
9206
9212
9217
9224
9228
9230
9233
9234
9236
9241
9245
9252
9254
9257
9262
9264
9268
9274
9280
9281
9282
9288
9295
9302
9307
9313
9319
9326
9331
9334
9337
9339
9346
9348
9349
9353
9359
9363
9370
9377
9382
9383
9386
9393
9395
9402
9404
9407
9411
9412
9413
9419
9426
9429
9430
9432
9435
9438
9445
9451
9456
9458
9460
9461
9465
9466
9467
9473
9479
9481
9482
9484
9485
9492
9499
9504
9511
9513
9516
9521
9526
9533
9540
9545
9549
9550
9551
9558
9560
9561
9567
9571
9572
9578
9581
9585
9588
9594
9596
9598
9600
9606
9609
9616
9620
9622
9626
9629
9630
9635
9638
9640
9647
9653
9660
9661
9667
9672
9677
9683
9686
9687
9692
9694
9696
9701
9706
9707
9712
9714
9719
9726
9732
9736
9743
9750
9753
9760
9763
9769
9771
9774
9777
9780
9781
9783
9784
9785
9792
9794
9796
9797
9798
9801
9805
9811
9813
9817
9818
9825
9828
9832
9836
9843
9848
9849
9851
9858
9865
9868
9875
9876
9883
9890
9894
9897
9902
9904
9911
9915
9918
9925
9927
9934
9937
9943
9944
9951
9958
9963
9970
9974
9981
9988
9990
9994
9995
9998
10004
10011
10018
10024
10029
10031
10035
10041
10045
10049
10054
10055
10062
10067
10069
10070
10074
10075
10080
10083
10085
10092
10096
10101
10107
10111
10113
10115
10117
10120
10127
10134
10136
10137
10143
10148
10155
10157
10164
10166
10168
10172
10178
10179
10180
10183
10190
10195
10201
10205
10208
10213
10216
10219
10225
10230
10235
10238
10239
10244
10251
10253
10260
10266
10268
10273
10277
10278
10282
10283
10285
10287
10290
10294
10295
10298
10299
10301
10306
10308
10315
10318
10321
10323
10330
10332
10339
10340
10347
10354
10358
10363
10364
10365
10369
10374
10379
10382
10386
10392
10398
10401
10407
10412
10413
10418
10424
10425
10431
10432
10439
10440
10445
10451
10457
10463
10467
10469
10473
10478
10479
10480
10483
10485
10491
10495
10496
10498
10503
10505
10509
10516
10523
10525
10530
10533
10535
10537
10540
10545
10552
10557
10562
10567
10571
10575
10576
10581
10583
10588
10593
10596
10600
10602
10606
10607
10612
10618
10625
10626
10630
10636
10640
10647
10652
10657
10662
10665
10672
10679
10683
10686
10689
10690
10692
10697
10702
10709
10716
10718
10723
10729
10731
10737
10742
10745
10752
10756
10762
10768
10774
10775
10779
10780
10786
10792
10797
10802
10806
10813
10820
10825
10831
10836
10839
10840
10841
10846
10851
10855
10856
10860
10866
10870
10874
10875
10882
10884
10890
10895
10902
10907
10912
10919
10923
10925
10926
10933
10937
10938
10940
10947
10952
10953
10955
10956
10960
10961
10966
10968
10974
10976
10980
10981
10984
10988
10991
10994
10995
11002
11007
11008
11009
11010
11012
11014
11020
11022
11026
11033
11039
11042
11045
11051
11058
11060
11066
11073
11079
11080
11085
11088
11091
11093
11097
11103
11109
11116
11117
11119
11120
11125
11126
11132
11139
11145
11147
11152
11159
11160
11166
11169
11173
11178
11184
11188
11190
11196
11198
11203
11204
11210
11213
11216
11223
11224
11227
11230
11231
11236
11243
11249
11253
11257
11260
11267
11270
11276
11278
11280
11285
11289
11296
11298
11300
11304
11305
11309
11316
11322
11326
11333
11336
11339
11344
11349
11350
11351
11355
11361
11362
11363
11366
11369
11374
11379
11381
11387
11394
11396
11399
11400
11402
11408
11411
11415
11420
11425
11429
11435
11437
11441
11446
11451
11454
11459
11462
11469
11473
11478
11485
11488
11495
11496
11502
11505
11510
11515
11522
11525
11532
11536
11539
11544
11549
11552
11555
11562
11564
11566
11572
11579
11582
11588
11595
11602
11607
11612
11618
11624
11631
11632
11637
11642
11643
11648
11650
11657
11660
11664
11670
11671
11676
11681
11682
11689
11696
11697
11701
11704
11708
11712
11715
11722
11725
11727
11729
11734
11736
11737
11739
11744
11747
11751
11758
11761
11768
11771
11773
11776
11782
11786
11787
11793
11796
11799
11800
11803
11804
11808
11810
11811
11817
11819
11825
11828
11831
11835
11836
11841
11848
11854
11860
11861
11863
11864
11866
11871
11875
11877
11881
11882
11887
11892
11897
11898
11903
11909
11913
11917
11924
11931
11933
11934
11939
11942
11944
11946
11950
11957
11959
11965
11967
11970
11974
11976
11982
11989
11990
11996
12003
12007
12008
12014
12017
12019
12023
12024
12025
12028
12030
12031
12037
12041
12047
12054
12058
12063
12067
12068
12072
12075
12080
12085
12090
12096
12100
12105
12110
12114
12120
12127
12131
12136
12141
12147
12152
12158
12161
12163
12170
12173
12180
12187
12192
12199
12204
12208
12212
12218
12225
12230
12237
12240
12241
12245
12247
12249
12256
12258
12259
12266
12272
12276
12277
12280
12281
12284
12285
12286
12289
12296
12297
12304
12308
12310
12314
12316
12320
12325
12332
12336
12337
12344
12351
12356
12363
12364
12366
12370
12372
12374
12376
12383
12388
12390
12393
12399
12400
12403
12410
12411
12412
12414
12417
12423
12428
12434
12435
12441
12443
12450
12455
12458
12463
12470
12473
12474
12481
12487
12493
12497
12500
12507
12512
12518
12522
12529
12532
12533
12539
12541
12548
12554
12558
12560
12564
12567
12569
12575
12577
12578
12582
12583
12584
12587
12592
12599
12605
12609
12611
12613
12620
12626
12633
12635
12642
12645
12646
12650
12656
12659
12663
12665
12672
12675
12681
12685
12691
12693
12700
12702
12708
12712
12717
12718
12720
12723
12725
12731
12736
12739
12742
12748
12749
12754
12755
12758
12761
12767
12768
12774
12781
12783
12785
12788
12794
12798
12805
12806
12813
12817
12822
12826
12833
12839
12843
12845
12849
12854
12858
12861
12865
12871
12872
12873
12876
12883
12889
12890
12896
12903
12906
12910
12913
12914
12918
12922
12928
12929
12930
12934
12935
12936
12938
12941
12947
12949
12950
12955
12959
12960
12962
12967
12974
12977
12978
12981
12984
12985
12989
12991
12992
12995
12996
12998
13005
13011
13015
13020
13027
13031
13034
13041
13048
13055
13060
13066
13067
13072
13078
13085
13087
13093
13094
13095
13100
13101
13107
13110
13117
13119
13120
13127
13134
13141
13146
13147
13153
13157
13161
13162
13164
13168
13172
13175
13182
13186
13192
13199
13204
13206
13211
13217
13218
13223
13226
13231
13235
13241
13244
13248
13252
13253
13259
13262
13263
13270
13272
13273
13280
13284
13287
13293
13299
13304
13310
13317
13323
13326
13331
13338
13344
13349
13353
13356
13358
13359
13362
13366
13367
13372
13377
13383
13390
13397
13398
13405
13411
13412
13419
13421
13427
13431
13433
13437
13442
13448
13453
13454
13460
13464
13465
13469
13471
13478
13480
13485
13487
13494
13499
13503
13504
13511
13515
13521
13525
13531
13534
13539
13541
13542
13544
13545
13546
13548
13553
13557
13564
13566
13567
13571
13578
13581
13582
13586
13588
13593
13600
13601
13604
13609
13616
13620
13625
13627
13628
13635
13640
13647
13651
13658
13663
13664
13666
13669
13674
13679
13685
13689
13696
13703
13707
13714
13716
13717
13724
13729
13736
13743
13749
13750
13757
13762
13765
13772
13776
13781
13782
13787
13794
13799
13801
13806
13807
13812
13813
13816
13822
13827
13834
13840
13847
13853
13854
13856
13857
13860
13864
13870
13874
13878
13880
13886
13888
13891
13895
13901
13903
13904
13911
13918
13923
13925
13926
13931
13937
13943
13946
13947
13954
13959
13966
13972
13976
13981
13984
13989
13995
13998
14000
14007
14008
14013
14014
14020
14024
14029
14032
14034
14040
14041
14047
14052
14058
14062
14065
14071
14074
14078
14084
14090
14094
14100
14105
14112
14114
14116
14117
14120
14121
14127
14132
14134
14136
14140
14142
14144
14148
14155
14159
14164
14170
14171
14178
14181
14186
14188
14190
14193
14197
14199
14201
14202
14206
14208
14212
14217
14224
14229
14232
14235
14236
14242
14243
14246
14250
14253
14257
14260
14265
14269
14274
14280
14284
14291
14294
14301
14305
14307
14309
14316
14317
14320
14327
14329
14331
14338
14339
14341
14343
14346
14352
14357
14362
14367
14374
14375
14377
14378
14383
14390
14393
14398
14401
14404
14408
14414
14421
14423
14428
14434
14437
14443
14444
14451
14456
14462
14464
14466
14471
14478
14483
14488
14494
14500
14506
14512
14515
14519
14521
14527
14529
14532
14535
14541
14548
14551
14557
14561
14564
14566
14570
14576
14577
14578
14584
14590
14593
14594
14599
14603
14608
14609
14613
14617
14620
14626
14633
14638
14642
14646
14647
14652
14657
14662
14664
14669
14673
14674
14680
14682
14686
14690
14694
14698
14705
14706
14707
14708
14709
14714
14720
14724
14726
14727
14731
14733
14736
14737
14739
14743
14745
14750
14754
14756
14757
14760
14761
14767
14768
14773
14779
14785
14792
14795
14796
14803
14804
14808
14813
14819
14823
14826
14830
14836
14839
14846
14847
14851
14857
14858
14859
14865
14868
14873
14875
14878
14884
14887
14890
14892
14894
14899
14902
14904
14906
14911
14917
14924
14925
14931
14938
14939
14941
14948
14950
14956
14960
14966
14969
14970
14973
14980
14983
14984
14988
14992
14997
15001
15004
15009
15015
15021
15027
15031
15032
15038
15039
15045
15049
15052
15054
15058
15065
15066
15071
15072
15076
15083
15088
15091
15097
15100
15106
15108
15109
15111
15116
15118
15119
15125
15131
15132
15133
15137
15142
15143
15147
15152
15155
15158
15164
15168
15169
15174
15180
15186
15189
15196
15199
15200
15204
15206
15212
15215
15222
15224
15230
15231
15233
15236
15239
15242
15245
15250
15255
15259
15262
15266
15272
15278
15284
15285
15292
15299
15304
15306
15309
15311
15317
15320
15322
15324
15330
15337
15338
15341
15346
15347
15350
15357
15364
15368
15373
15377
15381
15385
15388
15395
15400
15407
15409
15410
15413
15418
15420
15427
15431
15434
15435
15436
15440
15442
15443
15450
15454
15461
15464
15470
15473
15476
15478
15485
15492
15493
15500
15507
15514
15517
15519
15525
15532
15535
15542
15549
15556
15557
15564
15569
15576
15578
15583
15587
15589
15590
15592
15597
15603
15605
15611
15613
15620
15625
15630
15631
15633
15637
15639
15645
15650
15656
15660
15664
15670
15675
15680
15684
15687
15688
15691
15692
15697
15699
15702
15709
15710
15713
15720
15723
15730
15737
15742
15745
15749
15756
15763
15764
15766
15772
15775
15781
15783
15784
15785
15791
15797
15800
15804
15807
15808
15809
15811
15814
15821
15826
15829
15833
15835
15836
15839
15844
15849
15855
15861
15867
15870
15872
15874
15875
15882
15884
15889
15895
15898
15903
15908
15911
15915
15918
15921
15924
15929
15936
15937
15943
15946
15947
15951
15958
15962
15964
15965
15966
15970
15976
15978
15985
15986
15989
15991
15997
15998
16004
16009
16010
16012
16018
16021
16025
16029
16031
16034
16037
16040
16043
16046
16051
16058
16063
16067
16073
16075
16080
16084
16085
16090
16097
16103
16108
16113
16116
16120
16122
16126
16132
16138
16139
16146
16151
16158
16159
16160
16163
16168
16170
16173
16178
16183
16187
16189
16193
16195
16198
16203
16209
16212
16215
16216
16222
16225
16226
16232
16239
16243
16246
16250
16253
16257
16264
16270
16276
16279
16284
16289
16294
16296
16298
16299
16303
16304
16311
16317
16320
16323
16324
16326
16328
16332
16337
16343
16348
16352
16357
16360
16362
16365
16366
16370
16371
16377
16384
16385
16391
16392
16395
16400
16405
16411
16414
16415
16419
16425
16431
16437
16442
16448
16455
16459
16463
16467
16473
16475
16481
16486
16490
16491
16497
16501
16508
16515
16520
16521
16523
16528
16533
16536
16542
16548
16550
16555
16560
16567
16569
16574
16578
16585
16591
16595
16601
16605
16606
16613
16615
16616
16617
16622
16629
16635
16637
16641
16646
16652
16653
16655
16659
16666
16672
16674
16676
16677
16679
16683
16684
16686
16692
16695
16702
16707
16711
16718
16720
16724
16728
16729
16733
16737
16742
16749
16756
16758
16762
16763
16767
16774
16781
16785
16786
16793
16797
16802
16807
16813
16816
16823
16826
16827
16828
16835
16841
16848
16855
16859
16866
16873
16875
16876
16878
16880
16884
16890
16892
16899
16900
16905
16908
16912
16917
16921
16925
16930
16934
16938
16945
16950
16953
16960
16965
16970
16972
16973
16974
16978
16981
16984
16990
16997
17002
17005
17007
17013
17017
17023
17027
17034
17036
17041
17046
17053
17055
17058
17065
17067
17071
17078
17079
17081
17082
17089
17090
17091
17098
17101
17107
17110
17114
17115
17116
17121
17124
17130
17135
17138
17143
17147
17150
17151
17156
17163
17170
17172
17178
17180
17182
17187
17194
17199
17200
17206
17213
17217
17218
17221
17224
17225
17231
17234
17238
17240
17245
17252
17258
17264
17267
17271
17273
17279
17280
17283
17286
17289
17290
17291
17295
17297
17299
17302
17307
17314
17321
17326
17329
17333
17339
17342
17346
17352
17359
17363
17367
17372
17374
17377
17381
17383
17386
17391
17393
17394
17400
17401
17404
17410
17412
17414
17419
17421
17425
17432
17436
17440
17441
17445
17447
17451
17457
17464
17470
17471
17477
17483
17485
17488
17489
17494
17501
17506
17512
17515
17516
17519
17520
17526
17532
17533
17540
17541
17546
17548
17552
17554
17560
17566
17570
17573
17575
17581
17588
17590
17597
17600
17602
17608
17610
17616
17622
17627
17632
17639
17643
17648
17649
17653
17655
17661
17665
17666
17668
17675
17682
17683
17687
17688
17694
17696
17702
17703
17706
17711
17712
17717
17718
17723
17730
17735
17742
17748
17751
17755
17758
17759
17763
17769
17774
17780
17785
17792
17795
17796
17798
17801
17804
17810
17812
17815
17819
17825
17830
17834
17841
17842
17846
17848
17851
17853
17858
17861
17866
17869
17871
17873
17878
17882
17885
17889
17892
17896
17898
17899
17901
17907
17912
17913
17915
17917
17919
17921
17928
17934
17938
17944
17946
17952
17955
17961
17964
17968
17971
17974
17979
17986
17988
17994
18000
18003
18005
18012
18014
18020
18022
18027
18028
18035
18040
18047
18054
18060
18062
18064
18069
18071
18076
18078
18081
18082
18086
18090
18097
18102
18104
18109
18111
18116
18120
18123
18127
18128
18130
18132
18136
18143
18148
18154
18158
18159
18166
18172
18178
18180
18186
18193
18195
18202
18206
18213
18218
18225
18232
18238
18242
18247
18249
18251
18257
18260
18267
18269
18271
18276
18279
18280
18281
18287
18290
18297
18303
18308
18311
18314
18319
18322
18328
18329
18335
18337
18342
18343
18345
18352
18355
18361
18368
18370
18377
18384
18389
18393
18400
18407
18410
18411
18416
18420
18423
18426
18428
18432
18434
18439
18441
18447
18448
18450
18457
18459
18464
18469
18476
18479
18481
18482
18487
18494
18499
18503
18508
18515
18520
18527
18534
18539
18544
18551
18552
18558
18560
18564
18570
18571
18578
18579
18584
18587
18589
18591
18598
18604
18609
18613
18614
18615
18621
18622
18623
18629
18634
18640
18645
18647
18650
18652
18654
18660
18665
18670
18671
18677
18680
18685
18687
18693
18695
18702
18704
18705
18711
18717
18722
18727
18734
18735
18739
18743
18750
18752
18753
18755
18760
18764
18765
18770
18772
18778
18779
18780
18782
18786
18791
18796
18802
18807
18814
18820
18823
18828
18830
18832
18836
18838
18841
18842
18844
18845
18849
18856
18862
18863
18870
18873
18876
18878
18884
18888
18893
18898
18901
18903
18910
18913
18915
18922
18923
18926
18930
18931
18932
18936
18941
18942
18947
18954
18958
18965
18969
18970
18974
18979
18983
18985
18992
18996
18997
19001
19008
19010
19013
19016
19019
19023
19030
19033
19037
19044
19051
19054
19055
19059
19061
19068
19075
19078
19081
19085
19086
19090
19096
19103
19106
19108
19111
19112
19116
19123
19129
19133
19134
19139
19145
19148
19153
19157
19158
19165
19169
19175
19176
19181
19185
19190
19194
19198
19202
19208
19211
19218
19225
19227
19229
19232
19237
19238
19239
19244
19250
19257
19258
19265
19270
19271
19273
19278
19281
19287
19294
19299
19303
19304
19307
19309
19313
19318
19321
19327
19328
19329
19332
19338
19342
19349
19353
19359
19362
19365
19366
19369
19375
19378
19381
19386
19388
19389
19392
19395
19399
19404
19411
19412
19413
19420
19422
19428
19431
19436
19443
19446
19452
19457
19461
19465
19469
19471
19472
19478
19481
19484
19490
19492
19495
19502
19503
19506
19508
19514
19515
19519
19525
19530
19533
19537
19541
19547
19549
19555
19557
19558
19565
19568
19572
19573
19576
19583
19587
19588
19594
19598
19602
19609
19611
19615
19621
19623
19629
19634
19639
19644
19647
19650
19657
19658
19661
19663
19664
19668
19673
19680
19682
19689
19690
19695
19699
19704
19711
19718
19720
19724
19725
19732
19734
19738
19739
19741
19748
19755
19760
19767
19773
19777
19783
19788
19790
19794
19797
19800
19803
19805
19806
19809
19812
19815
19822
19827
19829
19832
19837
19843
19847
19851
19852
19854
19861
19866
19868
19869
19871
19878
19885
19888
19893
19897
19898
19899
19904
19905
19907
19914
19915
19917
19924
19926
19931
19932
19935
19939
19942
19948
19953
19955
19962
19966
19969
19972
19973
19977
19981
19983
19986
19987
19991
19994
20000
20005
20008
20014
20018
20022
20027
20029
20035
20038
20041
20044
20045
20047
20052
20055
20057
20061
20064
20068
20070
20077
20080
20082
20085
20090
20096
20099
20101
20102
20105
20112
20115
20120
20126
20133
20140
20145
20147
20152
20156
20161
20163
20169
20174
20178
20179
20186
20192
20198
20202
20208
20211
20216
20219
20224
20230
20235
20240
20242
20244
20249
20254
20261
20264
20270
20276
20280
20285
20287
20294
20301
20307
20314
20321
20325
20332
20339
20342
20346
20349
20353
20358
20363
20364
20370
20376
20383
20390
20392
20398
20404
20408
20412
20415
20421
20428
20432
20436
20440
20444
20448
20455
20459
20465
20468
20474
20476
20482
20483
20484
20486
20488
20492
20493
20496
20503
20509
20514
20519
20524
20527
20531
20535
20536
20541
20544
20546
20548
20551
20557
20564
20565
20568
20571
20577
20579
20582
20583
20586
20590
20594
20599
20604
20611
20616
20619
20626
20633
20637
20641
20647
20649
20650
20651
20654
20656
20657
20658
20662
20664
20666
20671
20672
20675
20679
20685
20692
20696
20698
20702
20706
20712
20716
20718
20725
20731
20737
20743
20745
20750
20752
20753
20755
20761
20765
20766
20767
20771
20774
20780
20781
20785
20791
20798
20802
20807
20813
20817
20822
20823
20828
20835
20842
20843
20847
20852
20859
20861
20864
20869
20872
20876
20882
20883
20884
20889
20893
20896
20900
20901
20902
20909
20910
20912
20914
20918
20923
20930
20932
20937
20941
20942
20949
20954
20960
20965
20972
20973
20976
20982
20984
20990
20996
20998
21003
21010
21013
21016
21021
21027
21030
21034
21037
21043
21048
21053
21057
21060
21064
21069
21071
21075
21077
21081
21084
21089
21091
21092
21097
21103
21104
21109
21114
21117
21119
21125
21127
21134
21138
21143
21149
21152
21153
21158
21160
21164
21166
21172
21174
21181
21185
21192
21197
21198
21205
21211
21217
21218
21220
21225
21230
21237
21241
21243
21247
21249
21253
21256
21257
21262
21263
21270
21273
21277
21278
21279
21285
21288
21295
21300
21301
21304
21311
21313
21320
21321
21325
21328
21334
21335
21340
21345
21346
21349
21352
21358
21365
21367
21374
21378
21379
21384
21387
21388
21395
21398
21401
21406
21411
21416
21423
21427
21430
21436
21442
21446
21447
21454
21456
21463
21464
21469
21474
21478
21483
21484
21485
21492
21493
21497
21502
21509
21516
21517
21523
21524
21531
21535
21538
21545
21548
21550
21553
21555
21557
21559
21565
21569
21570
21576
21583
21589
21592
21594
21596
21597
21604
21608
21613
21620
21621
21623
21626
21628
21631
21633
21637
21643
21645
21649
21652
21654
21661
21665
21670
21673
21674
21679
21681
21682
21683
21690
21695
21697
21702
21706
21712
21717
21720
21723
21729
21736
21740
21747
21748
21749
21750
21757
21764
21767
21768
21771
21772
21778
21783
21786
21793
21797
21800
21807
21813
21819
21822
21828
21832
21839
21842
21844
21847
21851
21852
21854
21857
21858
21863
21869
21875
21878
21883
21887
21892
21893
21900
21903
21907
21913
21919
21920
21924
21927
21930
21936
21938
21942
21947
21948
21954
21959
21966
21970
21972
21978
21979
21982
21983
21988
21992
21994
21998
22001
22008
22009
22010
22011
22012
22015
22021
22022
22029
22030
22034
22039
22046
22050
22054
22057
22058
22064
22066
22069
22072
22079
22081
22088
22094
22100
22102
22104
22111
22117
22121
22124
22126
22127
22128
22133
22134
22140
22144
22147
22153
22154
22160
22164
22171
22177
22184
22187
22192
22195
22198
22205
22207
22211
22215
22220
22226
22228
22229
22234
22236
22242
22249
22254
22255
22262
22266
22269
22276
22281
22285
22291
22293
22296
22301
22305
22306
22310
22316
22322
22325
22331
22336
22341
22344
22346
22347
22352
22356
22362
22369
22374
22381
22388
22393
22400
22405
22407
22413
22420
22427
22431
22433
22440
22443
22444
22449
22450
22453
22454
22457
22460
22464
22468
22475
22482
22485
22491
22493
22497
22498
22499
22501
22503
22506
22508
22509
22512
22517
22522
22527
22534
22538
22545
22548
22554
22555
22558
22562
22566
22570
22575
22578
22584
22589
22590
22595
22601
22604
22610
22612
22619
22624
22626
22633
22634
22635
22637
22643
22648
22650
22655
22661
22662
22663
22666
22673
22675
22678
22679
22681
22687
22688
22694
22699
22700
22706
22713
22714
22721
22724
22727
22731
22735
22741
22746
22748
22749
22753
22755
22759
22761
22762
22768
22772
22777
22779
22783
22789
22792
22794
22796
22797
22804
22808
22814
22818
22824
22831
22835
22838
22842
22847
22851
22854
22857
22860
22861
22868
22873
22874
22879
22880
22887
22891
22894
22901
22904
22910
22915
22918
22920
22927
22930
22935
22940
22945
22949
22950
22954
22959
22966
22970
22972
22973
22976
22980
22985
22991
22994
22998
23004
23005
23011
23018
23024
23028
23030
23032
23038
23040
23043
23050
23051
23056
23062
23068
23069
23076
23078
23082
23088
23095
23100
23107
23108
23112
23116
23117
23120
23126
23130
23134
23139
23141
23142
23148
23149
23150
23157
23160
23166
23169
23176
23177
23180
23182
23183
23187
23191
23196
23197
23200
23204
23209
23211
23215
23222
23225
23230
23237
23239
23244
23248
23253
23256
23262
23263
23269
23272
23279
23286
23293
23295
23299
23300
23303
23309
23310
23317
23320
23326
23329
23334
23338
23341
23346
23352
23358
23360
23367
23374
23375
23379
23386
23393
23397
23404
23410
23417
23418
23424
23426
23428
23431
23435
23439
23440
23441
23442
23447
23454
23455
23457
23459
23464
23471
23475
23477
23479
23484
23487
23489
23495
23497
23498
23501
23506
23510
23514
23517
23521
23522
23528
23534
23540
23541
23546
23549
23552
23556
23558
23565
23566
23571
23578
23582
23587
23592
23599
23605
23608
23614
23617
23618
23619
23624
23631
23632
23637
23643
23645
23646
23647
23648
23651
23652
23653
23659
23664
23666
23673
23678
23682
23685
23689
23693
23694
23697
23703
23705
23708
23713
23716
23723
23728
23733
23737
23741
23746
23747
23749
23755
23756
23761
23765
23772
23775
23776
23781
23786
23788
23793
23797
23802
23804
23808
23809
23816
23820
23827
23832
23836
23839
23841
23845
23852
23855
23858
23865
23867
23870
23876
23877
23881
23883
23884
23888
23890
23896
23898
23899
23902
23903
23904
23907
23914
23921
23924
23927
23929
23936
23943
23946
23950
23953
23956
23959
23966
23973
23978
23979
23985
23988
23992
23994
23995
24001
24003
24005
24006
24009
24012
24017
24021
24027
24031
24036
24039
24043
24049
24052
24054
24055
24062
24064
24069
24074
24076
24078
24083
24088
24089
24095
24096
24098
24102
24108
24113
24117
24120
24121
24126
24130
24133
24135
24141
24148
24153
24159
24162
24167
24170
24172
24174
24178
24180
24182
24186
24191
24198
24200
24202
24205
24211
24213
24220
24223
24229
24232
24234
24238
24240
24242
24246
24249
24251
24254
24259
24264
24268
24275
24280
24281
24286
24288
24292
24295
24301
24306
24313
24318
24320
24327
24334
24338
24343
24350
24356
24363
24367
24371
24373
24378
24380
24382
24388
24395
24402
24407
24411
24413
24420
24421
24428
24431
24438
24442
24443
24444
24451
24455
24457
24458
24462
24467
24474
24481
24482
24487
24492
24494
24501
24505
24509
24511
24514
24519
24521
24527
24532
24539
24546
24551
24555
24560
24565
24570
24572
24573
24575
24576
24583
24590
24592
24597
24598
24600
24605
24607
24610
24612
24616
24622
24626
24629
24634
24636
24638
24645
24650
24652
24658
24660
24662
24665
24668
24675
24676
24678
24680
24681
24684
24688
24693
24699
24701
24705
24706
24709
24713
24718
24722
24729
24734
24740
24743
24744
24745
24749
24753
24754
24759
24766
24773
24774
24779
24781
24787
24791
24795
24799
24804
24808
24809
24811
24818
24821
24823
24830
24837
24839
24846
24850
24854
24855
24857
24863
24864
24866
24867
24869
24871
24875
24882
24888
24890
24897
24901
24904
24911
24915
24918
24922
24924
24927
24933
24934
24935
24939
24940
24944
24950
24955
24958
24963
24968
24974
24977
24980
24984
24991
24995
24997
25000
25002
25008
25013
25020
25022
25027
25031
25033
25036
25039
25044
25045
25050
25052
25058
25060
25066
25073
25076
25083
25090
25097
25100
25105
25109
25110
25114
25119
25123
25130
25131
25137
25138
25144
25145
25146
25153
25159
25166
25169
25170
25176
25183
25188
25191
25197
25201
25205
25212
25213
25214
25216
25220
25225
25229
25231
25232
25235
25236
25237
25241
25244
25250
25253
25255
25260
25264
25268
25270
25271
25276
25277
25281
25284
25290
25297
25300
25306
25312
25315
25322
25325
25328
25335
25337
25338
25342
25349
25354
25358
25359
25363
25370
25377
25380
25384
25386
25393
25394
25401
25405
25411
25412
25418
25423
25428
25435
25439
25440
25441
25443
25446
25450
25457
25464
25466
25473
25474
25480
25481
25484
25486
25488
25491
25495
25496
25502
25505
25512
25517
25518
25523
25528
25532
25536
25541
25546
25552
25556
25562
25565
25570
25571
25578
25581
25585
25588
25595
25598
25599
25606
25612
25615
25616
25617
25622
25629
25632
25639
25645
25650
25651
25653
25658
25665
25666
25667
25669
25676
25682
25684
25689
25693
25698
25705
25711
25712
25715
25718
25722
25728
25734
25735
25737
25743
25748
25749
25756
25759
25760
25766
25767
25772
25773
25776
25781
25784
25786
25793
25800
25803
25805
25812
25816
25820
25823
25830
25837
25841
25843
25844
25845
25851
25857
25864
25866
25873
25877
25879
25884
25887
25890
25893
25898
25903
25907
25910
25915
25916
25920
25924
25926
25932
25939
25946
25953
25957
25964
25968
25974
25977
25983
25987
25990
25991
25997
25999
26002
26003
26004
26010
26016
26020
26025
26031
26032
26037
26041
26045
26052
26058
26062
26066
26072
26077
26078
26079
26086
26092
26098
26100
26101
26103
26108
26112
26117
26124
26131
26136
26142
26145
26146
26150
26153
26159
26165
26169
26170
26177
26179
26180
26185
26188
26190
26197
26198
26202
26203
26207
26214
26216
26218
26222
26224
26228
26235
26238
26242
26249
26250
26257
26263
26270
26277
26280
26283
26286
26293
26295
26298
26302
26303
26304
26305
26309
26310
26313
26319
26324
26326
26330
26331
26337
26341
26345
26346
26351
26353
26359
26363
26365
26366
26373
26379
26384
26391
26398
26400
26404
26410
26412
26419
26426
26433
26437
26439
26446
26447
26451
26458
26459
26461
26462
26466
26472
26477
26480
26485
26486
26491
26495
26497
26502
26504
26508
26510
26512
26518
26519
26520
26526
26533
26540
26544
26547
26548
26555
26560
26563
26566
26570
26572
26577
26582
26587
26594
26596
26602
26607
26609
26613
26615
26621
26623
26624
26630
26631
26633
26639
26645
26651
26653
26658
26659
26660
26664
26668
26675
26677
26681
26688
26689
26691
26692
26695
26702
26705
26710
26714
26715
26719
26720
26725
26727
26729
26730
26737
26739
26743
26748
26751
26752
26756
26761
26767
26768
26773
26778
26780
26781
26786
26792
26799
26800
26805
26810
26814
26816
26823
26829
26834
26841
26844
26846
26850
26853
26859
26863
26869
26871
26875
26876
26883
26884
26885
26890
26897
26901
26905
26912
26917
26921
26922
26928
26929
26934
26937
26940
26945
26952
26954
26961
26965
26972
26979
26980
26981
26983
26987
26991
26992
26993
26996
27003
27005
27011
27018
27020
27024
27028
27033
27035
27040
27046
27051
27053
27057
27064
27071
27074
27078
27083
27086
27089
27093
27099
27103
27106
27110
27111
27113
27117
27121
27122
27123
27127
27130
27134
27140
27141
27148
27152
27153
27157
27161
27168
27172
27175
27182
27188
27193
27199
27201
27207
27213
27216
27218
27223
27227
27232
27235
27241
27247
27251
27252
27255
27261
27266
27270
27277
27278
27282
27283
27286
27287
27292
27293
27299
27301
27304
27310
27311
27316
27323
27326
27332
27334
27339
27346
27352
27353
27355
27359
27361
27367
27371
27376
27381
27382
27384
27388
27395
27401
27402
27404
27409
27411
27413
27417
27422
27425
27430
27437
27444
27449
27454
27456
27458
27460
27465
27466
27469
27476
27478
27481
27484
27489
27491
27492
27499
27501
27504
27509
27514
27521
27528
27534
27538
27540
27543
27545
27551
27554
27556
27562
27568
27571
27578
27580
27585
27586
27592
27598
27603
27604
27605
27606
27610
27616
27617
27620
27624
27628
27629
27631
27637
27642
27647
27653
27660
27663
27664
27670
27675
27682
27688
27693
27699
27706
27709
27715
27719
27721
27727
27729
27735
27739
27744
27751
27752
27753
27758
27762
27766
27770
27776
27778
27783
27785
27789
27794
27798
27799
27800
27801
27806
27811
27815
27819
27821
27826
27833
27838
27842
27849
27852
27858
27861
27862
27868
27869
27871
27875
27879
27881
27885
27890
27891
27896
27897
27898
27904
27908
27909
27914
27921
27926
27928
27932
27935
27941
27945
27948
27950
27954
27958
27961
27965
27970
27977
27982
27987
27993
27994
27999
28001
28006
28009
28013
28015
28016
28019
28020
28026
28032
28033
28038
28042
28048
28053
28058
28061
28064
28065
28071
28074
28080
28087
28090
28093
28100
28101
28103
28106
28113
28114
28118
28123
28130
28132
28139
28142
28143
28145
28151
28155
28161
28164
28169
28170
28172
28177
28180
28187
28191
28195
28197
28203
28207
28211
28214
28221
28226
28228
28230
28235
28237
28240
28242
28247
28251
28255
28261
28262
28263
28266
28269
28276
28281
28287
28291
28295
28302
28309
28310
28311
28313
28320
28326
28332
28336
28337
28343
28344
28351
28358
28360
28364
28371
28372
28375
28379
28385
28389
28394
28398
28405
28406
28408
28413
28414
28417
28421
28426
28430
28433
28438
28439
28445
28446
28450
28456
28462
28466
28470
28475
28477
28480
28487
28492
28494
28500
28506
28511
28515
28519
28521
28527
28529
28535
28540
28547
28550
28551
28555
28562
28564
28567
28573
28579
28584
28585
28589
28595
28601
28606
28611
28617
28623
28624
28627
28630
28632
28639
28641
28648
28654
28655
28661
28667
28671
28674
28678
28682
28688
28690
28694
28701
28706
28713
28718
28721
28722
28726
28731
28737
28744
28751
28755
28758
28765
28768
28769
28774
28776
28779
28782
28789
28790
28797
28798
28799
28806
28807
28813
28819
28824
28825
28831
28838
28844
28846
28851
28853
28855
28857
28863
28868
28871
28874
28876
28880
28883
28888
28895
28900
28902
28909
28910
28913
28915
28916
28920
28923
28927
28931
28933
28936
28938
28945
28951
28953
28957
28959
28961
28963
28968
28974
28980
28986
28993
28996
29001
29002
29008
29009
29012
29013
29018
29024
29026
29029
29035
29037
29041
29048
29052
29056
29063
29068
29072
29076
29081
29084
29086
29087
29088
29089
29093
29098
29102
29108
29109
29113
29120
29121
29123
29129
29131
29135
29141
29143
29149
29151
29155
29162
29163
29166
29168
29169
29176
29179
29181
29186
29191
29196
29198
29199
29201
29203
29207
29209
29216
29217
29221
29226
29230
29236
29240
29244
29245
29247
29252
29257
29263
29267
29271
29273
29276
29278
29282
29287
29290
29293
29295
29300
29305
29309
29316
29317
29323
29328
29329
29336
29339
29346
29351
29357
29360
29366
29368
29375
29378
29382
29386
29392
29393
29395
29400
29407
29410
29416
29422
29428
29433
29434
29437
29440
29442
29443
29449
29451
29457
29461
29463
29466
29473
29475
29480
29486
29491
29495
29501
29503
29510
29514
29516
29523
29529
29535
29542
29544
29545
29548
29554
29561
29564
29569
29576
29577
29580
29585
29592
29597
29603
29608
29610
29611
29618
29622
29625
29631
29635
29638
29644
29647
29648
29654
29658
29659
29663
29664
29665
29671
29673
29678
29681
29685
29687
29689
29693
29695
29700
29703
29704
29709
29714
29720
29722
29724
29727
29732
29734
29738
29743
29744
29751
29753
29760
29767
29772
29774
29776
29778
29782
29789
29790
29792
29798
29804
29806
29810
29817
29820
29825
29830
29836
29838
29841
29844
29847
29851
29856
29858
29864
29865
29869
29874
29880
29885
29888
29891
29897
29902
29906
29910
29911
29914
29916
29919
29926
29933
29934
29937
29943
29948
29953
29959
29960
29967
29974
29975
29979
29984
29986
29991
29998
30004
30009
30012
30013
30015
30021
30028
30029
30030
30033
30038
30043
30050
30056
30062
30069
30074
30078
30083
30084
30091
30094
30096
30097
30104
30108
30114
30121
30125
30127
30133
30137
30144
30148
30150
30154
30156
30163
30166
30170
30172
30175
30178
30179
30182
30188
30192
30195
30202
30204
30207
30210
30212
30216
30222
30227
30229
30233
30235
30241
30245
30247
30253
30255
30256
30259
30261
30263
30264
30265
30272
30277
30279
30285
30287
30293
30294
30298
30303
30306
30310
30315
30320
30326
30331
30338
30339
30345
30346
30351
30356
30361
30366
30371
30377
30383
30384
30387
30394
30395
30398
30401
30405
30410
30411
30416
30420
30427
30428
30431
30436
30438
30444
30451
30458
30464
30470
30472
30474
30479
30485
30488
30491
30494
30501
30503
30507
30511
30516
30522
30525
30526
30528
30532
30537
30542
30547
30549
30550
30554
30560
30566
30569
30570
30577
30579
30581
30586
30587
30591
30595
30600
30606
30610
30615
30620
30627
30629
30634
30637
30638
30642
30644
30645
30652
30656
30657
30664
30669
30671
30674
30676
30678
30680
30683
30686
30688
30689
30692
30697
30703
30707
30710
30717
30721
30722
30729
30733
30737
30743
30749
30752
30756
30760
30761
30765
30767
30769
30774
30780
30781
30786
30791
30794
30797
30804
30807
30813
30816
30822
30829
30835
30839
30843
30848
30853
30860
30866
30869
30873
30877
30884
30888
30891
30896
30903
30906
30908
30910
30913
30916
30922
30926
30933
30938
30944
30948
30952
30953
30958
30961
30968
30972
30974
30981
30987
30989
30994
30999
31006
31007
31013
31016
31020
31021
31022
31025
31032
31038
31044
31045
31048
31049
31051
31055
31057
31064
31070
31077
31083
31089
31095
31102
31109
31114
31119
31126
31132
31138
31141
31144
31145
31148
31154
31161
31167
31174
31176
31178
31181
31184
31190
31193
31194
31197
31198
31199
31201
31205
31211
31212
31213
31214
31215
31217
31218
31225
31231
31237
31240
31241
31242
31246
31248
31249
31253
31255
31260
31264
31271
31272
31277
31278
31284
31288
31295
31296
31300
31305
31311
31318
31323
31327
31334
31339
31345
31347
31352
31354
31361
31368
31370
31377
31380
31385
31390
31391
31394
31401
31405
31406
31413
31420
31426
31429
31432
31437
31439
31442
31448
31449
31453
31460
31466
31472
31478
31479
31485
31490
31494
31501
31507
31511
31518
31523
31528
31530
31533
31537
31540
31544
31551
31555
31560
31562
31567
31571
31575
31579
31581
31582
31586
31591
31598
31604
31609
31614
31620
31622
31623
31627
31630
31637
31640
31645
31651
31654
31661
31667
31671
31674
31678
31685
31692
31693
31694
31701
31707
31710
31717
31719
31721
31722
31727
31729
31733
31734
31741
31745
31748
31753
31758
31763
31769
31771
31775
31777
31784
31791
31794
31800
31806
31810
31814
31818
31824
31826
31829
31835
31837
31838
31840
31845
31851
31854
31858
31862
31863
31867
31868
31870
31872
31873
31877
31882
31886
31889
31893
31900
31902
31903
31906
31907
31911
31914
31918
31920
31921
31926
31932
31934
31939
31943
31945
31946
31947
31948
31953
31954
31958
31960
31961
31964
31966
31968
31974
31979
31985
31991
31997
31998
32005
32012
32015
32016
32020
32024
32026
32030
32037
32039
32044
32045
32050
32052
32056
32057
32060
32066
32072
32077
32082
32089
32092
32099
32106
32107
32113
32117
32122
32128
32135
32142
32149
32152
32155
32156
32158
32161
32168
32169
32174
32181
32185
32187
32193
32195
32196
32197
32204
32206
32209
32215
32222
32223
32227
32232
32236
32243
32246
32252
32256
32257
32262
32268
32274
32278
32282
32285
32292
32296
32298
32300
32304
32308
32315
32318
32325
32329
32336
32340
32342
32347
32348
32355
32358
32365
32370
32371
32376
32379
32381
32384
32391
32394
32401
32403
32404
32408
32412
32414
32416
32420
32427
32429
32433
32437
32438
32445
32449
32450
32452
32455
32461
32466
32468
32474
32475
32480
32482
32489
32494
32497
32500
32505
32509
32516
32521
32524
32530
32536
32543
32549
32550
32554
32557
32563
32569
32571
32572
32578
32584
32590
32593
32599
32605
32609
32610
32616
32621
32625
32630
32633
32634
32639
32646
32648
32653
32655
32658
32665
32670
32671
32677
32678
32680
32681
32688
32691
32697
32703
32704
32706
32710
32713
32719
32721
32726
32727
32730
32731
32736
32739
32740
32743
32750
32752
32755
32761
32768
32774
32780
32783
32787
32794
32797
32798
32802
32805
32808
32813
32818
32821
32825
32826
32827
32829
32831
32835
32841
32846
32847
32850
32855
32858
32863
32870
32877
32879
32880
32881
32886
32888
32889
32896
32903
32909
32916
32918
32925
32930
32933
32934
32936
32941
32948
32949
32956
32958
32962
32963
32970
32973
32975
32977
32979
32985
32992
32999
33006
33008
33012
33018
33024
33025
33028
33031
33034
33035
33036
33040
33041
33043
33047
33052
33054
33055
33057
33063
33069
33072
33073
33077
33081
33085
33091
33095
33097
33099
33105
33106
33111
33113
33119
33126
33133
33136
33141
33148
33150
33157
33158
33164
33167
33174
33178
33184
33190
33192
33196
33200
33201
33206
33210
33215
33216
33220
33222
33227
33230
33237
33238
33244
33251
33255
33262
33269
33271
33273
33279
33283
33288
33289
33296
33301
33308
33311
33316
33318
33325
33326
33328
33331
33334
33335
33336
33341
33343
33350
33355
33361
33366
33368
33374
33375
33379
33382
33388
33394
33395
33402
33408
33415
33417
33418
33423
33429
33436
33441
33447
33449
33450
33456
33462
33468
33474
33475
33476
33480
33483
33486
33487
33492
33495
33502
33506
33510
33515
33516
33522
33523
33530
33533
33537
33539
33544
33547
33549
33553
33557
33564
33567
33568
33574
33580
33582
33584
33585
33588
33589
33594
33595
33602
33604
33611
33616
33617
33619
33626
33631
33635
33636
33641
33642
33643
33648
33653
33659
33664
33666
33667
33672
33679
33686
33691
33692
33698
33700
33702
33706
33713
33715
33722
33726
33729
33735
33737
33738
33742
33743
33750
33756
33762
33765
33772
33778
33779
33781
33787
33794
33796
33797
33798
33804
33807
33814
33815
33819
33821
33825
33827
33833
33836
33840
33845
33847
33848
33851
33856
33860
33861
33863
33864
33865
33872
33874
33881
33883
33884
33891
33898
33901
33906
33912
33919
33925
33931
33935
33939
33942
33946
33947
33952
33954
33961
33963
33964
33968
33972
33973
33980
33987
33991
33992
33996
33998
34005
34007
34009
34013
34020
34023
34027
34033
34034
34041
34044
34045
34052
34057
34058
34059
34064
34067
34071
34072
34073
34080
34085
34092
34093
34097
34103
34108
34111
34115
34122
34123
34130
34131
34138
34141
34143
34144
34151
34154
34155
34156
34159
34160
34162
34164
34171
34173
34177
34183
34187
34191
34197
34201
34202
34208
34213
34217
34220
34227
34231
34235
34236
34241
34242
34243
34244
34251
34258
34264
34266
34267
34274
34276
34283
34286
34288
34295
34297
34298
34303
34309
34314
34315
34322
34324
34330
34335
34336
34342
34344
34348
34349
34350
34353
34354
34361
34367
34368
34371
34372
34374
34377
34383
34387
34391
34394
34401
34407
34408
34413
34420
34421
34422
34425
34429
34432
34433
34437
34440
34447
34448
34451
34454
34457
34464
34470
34472
34475
34476
34479
34482
34488
34495
34498
34499
34506
34510
34515
34516
34522
34528
34532
34534
34536
34540
34541
34545
34546
34552
34557
34564
34571
34573
34577
34583
34586
34591
34594
34599
34601
34603
34610
34616
34623
34627
34633
34635
34636
34637
34639
34644
34646
34649
34653
34658
34660
34667
34671
34672
34676
34678
34679
34684
34686
34692
34699
34705
34712
34714
34718
34723
34724
34727
34728
34733
34735
34739
34744
34745
34746
34747
34749
34756
34762
34769
34770
34774
34775
34777
34781
34785
34788
34789
34792
34798
34800
34805
34811
34818
34824
34830
34833
34836
34839
34846
34852
34859
34862
34865
34871
34874
34877
34884
34890
34893
34894
34898
34902
34906
34909
34915
34917
34922
34929
34933
34940
34946
34947
34952
34955
34957
34958
34960
34966
34973
34978
34979
34985
34986
34990
34997
34998
35000
35004
35009
35014
35020
35024
35026
35027
35032
35037
35040
35047
35053
35054
35057
35062
35064
35068
35070
35072
35074
35075
35078
35085
35090
35095
35097
35099
35101
35106
35112
35113
35119
35120
35122
35127
35132
35136
35138
35145
35150
35154
35159
35164
35165
35170
35171
35172
35174
35180
35185
35187
35188
35195
35202
35205
35207
35208
35209
35212
35218
35220
35221
35222
35226
35229
35233
35236
35241
35245
35246
35248
35255
35261
35262
35268
35273
35279
35281
35287
35293
35300
35302
35305
35308
35315
35316
35319
35320
35326
35329
35336
35341
35342
35348
35352
35353
35355
35356
35362
35365
35367
35370
35374
35380
35383
35385
35391
35392
35394
35398
35404
35407
35413
35415
35420
35421
35428
35434
35437
35439
35443
35450
35452
35458
35459
35465
35468
35471
35476
35479
35483
35490
35494
35496
35503
35507
35511
35518
35520
35526
35530
35533
35537
35538
35545
35551
35553
35560
35564
35571
35577
35578
35580
35585
35586
35590
35596
35602
35608
35612
35613
35618
35623
35627
35631
35635
35641
35645
35646
35647
35651
35658
35661
35663
35666
35672
35678
35681
35687
35692
35694
35700
35703
35704
35706
35711
35716
35722
35726
35730
35733
35737
35744
35746
35752
35757
35760
35766
35770
35777
35779
35786
35793
35794
35801
35805
35807
35813
35816
35819
35826
35827
35830
35831
35833
35839
35840
35847
35851
35852
35857
35861
35862
35867
35871
35877
35879
35880
35883
35886
35888
35889
35892
35895
35901
35903
35909
35912
35914
35916
35923
35928
35931
35933
35936
35941
35947
35952
35957
35964
35967
35974
35981
35982
35985
35991
35997
35998
36004
36008
36014
36020
36021
36024
36028
36034
36036
36042
36047
36049
36054
36058
36065
36069
36073
36080
36084
36088
36089
36091
36093
36100
36103
36109
36115
36120
36121
36124
36130
36137
36139
36142
36145
36149
36150
36153
36159
36165
36166
36169
36174
36181
36186
36189
36196
36198
36203
36207
36214
36221
36226
36227
36232
36239
36245
36249
36251
36256
36262
36269
36271
36275
36280
36287
36292
36297
36304
36307
36312
36319
36322
36327
36328
36329
36334
36341
36346
36348
36349
36351
36354
36360
36364
36369
36376
36382
36383
36386
36391
36393
36397
36400
36402
36406
36409
36416
36420
36421
36427
36429
36431
36433
36436
36442
36444
36447
36448
36451
36454
36457
36459
36460
36465
36466
36468
36470
36474
36480
36483
36489
36493
36495
36497
36500
36501
36503
36508
36509
36512
36513
36517
36523
36524
36528
36535
36540
36544
36551
36556
36561
36564
36570
36576
36580
36583
36584
36586
36587
36594
36601
36606
36611
36615
36616
36620
36624
36627
36631
36637
36641
36644
36651
36654
36661
36663
36670
36676
36679
36681
36686
36687
36690
36694
36699
36706
36709
36716
36721
36725
36731
36735
36742
36747
36749
36751
36754
36761
36764
36769
36772
36774
36781
36784
36790
36796
36801
36802
36803
36807
36810
36815
36818
36823
36825
36829
36831
36836
36840
36842
36845
36846
36847
36851
36854
36861
36867
36874
36880
36881
36884
36890
36891
36893
36894
36899
36905
36909
36914
36916
36921
36928
36929
36935
36937
36942
36945
36948
36955
36960
36961
36962
36968
36970
36971
36975
36977
36982
36986
36991
36996
37002
37006
37007
37014
37021
37026
37030
37035
37042
37047
37052
37054
37058
37063
37065
37067
37070
37076
37077
37079
37082
37088
37091
37098
37102
37105
37109
37113
37119
37125
37131
37136
37137
37140
37146
37147
37153
37158
37162
37167
37168
37171
37174
37176
37182
37189
37195
37200
37204
37210
37212
37219
37226
37233
37239
37243
37244
37248
37250
37257
37262
37269
37276
37278
37284
37291
37296
37299
37302
37306
37307
37309
37316
37320
37327
37333
37337
37344
37345
37351
37352
37357
37359
37361
37362
37368
37370
37372
37374
37379
37381
37386
37392
37397
37403
37404
37410
37417
37422
37425
37426
37431
37438
37441
37447
37448
37450
37456
37463
37465
37468
37474
37479
37482
37485
37492
37498
37502
37506
37508
37511
37517
37518
37521
37523
37528
37530
37536
37537
37541
37542
37547
37548
37553
37560
37566
37573
37579
37582
37587
37594
37596
37600
37604
37611
37612
37619
37623
37627
37630
37635
37636
37642
37648
37649
37656
37658
37662
37669
37675
37678
37685
37689
37691
37695
37702
37709
37710
37715
37720
37724
37729
37733
37736
37737
37743
37746
37751
37755
37757
37759
37766
37771
37773
37778
37782
37785
37786
37787
37792
37794
37800
37807
37811
37816
37819
37822
37829
37830
37836
37840
37841
37846
37852
37853
37860
37867
37870
37872
37879
37880
37883
37890
37892
37897
37900
37907
37913
37918
37920
37924
37929
37935
37939
37940
37945
37952
37957
37961
37968
37973
37978
37980
37981
37982
37988
37989
37991
37993
37996
38000
38007
38009
38011
38017
38019
38023
38029
38030
38032
38035
38042
38044
38046
38051
38054
38057
38058
38061
38064
38070
38077
38081
38086
38091
38098
38102
38106
38110
38115
38121
38123
38126
38132
38133
38140
38146
38151
38153
38156
38160
38167
38168
38170
38172
38178
38183
38186
38188
38191
38198
38204
38205
38210
38217
38218
38223
38230
38235
38240
38244
38251
38253
38259
38265
38266
38267
38268
38273
38275
38277
38278
38284
38288
38294
38296
38299
38303
38309
38313
38320
38323
38326
38332
38338
38339
38340
38343
38348
38355
38357
38363
38365
38367
38374
38378
38384
38385
38389
38393
38398
38404
38410
38413
38418
38422
38427
38432
38437
38439
38443
38447
38448
38455
38458
38459
38461
38465
38466
38470
38472
38476
38480
38483
38488
38489
38491
38498
38499
38504
38510
38517
38520
38524
38526
38530
38536
38539
38545
38549
38556
38562
38563
38564
38567
38570
38574
38579
38581
38584
38586
38591
38595
38599
38600
38605
38610
38613
38620
38621
38628
38634
38640
38641
38647
38650
38657
38658
38663
38668
38675
38679
38681
38682
38688
38695
38697
38700
38703
38705
38710
38717
38720
38727
38730
38732
38737
38738
38743
38746
38751
38754
38757
38759
38764
38766
38772
38775
38782
38788
38794
38796
38801
38802
38805
38810
38815
38818
38822
38825
38830
38834
38838
38844
38845
38849
38851
38858
38859
38860
38865
38867
38869
38876
38877
38881
38886
38891
38897
38901
38908
38910
38915
38916
38921
38923
38924
38926
38927
38930
38936
38937
38939
38946
38951
38956
38957
38961
38964
38967
38971
38975
38982
38984
38988
38994
38997
38999
39006
39008
39013
39019
39023
39028
39035
39038
39039
39041
39046
39050
39052
39055
39056
39063
39070
39071
39073
39074
39077
39084
39087
39089
39095
39098
39099
39101
39106
39109
39115
39118
39119
39126
39130
39134
39139
39143
39148
39149
39154
39157
39164
39165
39169
39172
39178
39181
39182
39184
39189
39191
39198
39202
39207
39211
39217
39224
39226
39229
39233
39237
39243
39246
39250
39251
39254
39259
39261
39265
39268
39274
39278
39279
39282
39289
39295
39302
39308
39310
39314
39320
39325
39328
39330
39332
39339
39342
39343
39348
39349
39355
39357
39361
39364
39367
39369
39375
39377
39383
39385
39392
39396
39401
39402
39403
39408
39411
39415
39417
39424
39426
39429
39433
39435
39440
39445
39446
39451
39458
39460
39461
39462
39469
39473
39474
39481
39488
39490
39494
39496
39499
39500
39505
39511
39512
39516
39523
39526
39531
39532
39539
39540
39544
39547
39553
39556
39562
39568
39571
39577
39582
39585
39592
39593
39595
39600
39602
39604
39610
39611
39614
39619
39626
39632
39636
39639
39640
39645
39647
39649
39654
39659
39660
39663
39664
39668
39674
39677
39681
39687
39688
39691
39697
39699
39706
39710
39714
39717
39721
39723
39730
39737
39739
39744
39751
